{"map":[[0.0,0.9756424248437345,0.882952691680261,0.9563743551952837,0.9415518491660624,0.8553318419090231],[0.9756424248437345,0.0,0.8819164819255305,0.956180381765543,0.940534800656434,0.8560782078821622],[0.882952691680261,0.8819164819255305,0.0,0.8849361007885435,0.8830608945572122,0.8388833249874812],[0.9563743551952837,0.956180381765543,0.8849361007885435,0.0,0.9447078173374613,0.855783982816815],[0.9415518491660624,0.940534800656434,0.8830608945572122,0.9447078173374613,0.0,0.8568072053256754],[0.8553318419090231,0.8560782078821622,0.8388833249874812,0.855783982816815,0.8568072053256754,0.0]],"traces":["/home/quentin/Documents/cours/M1/stage/ongit/logs/from_sandboxes/6"]}